ID	blink_time
1	2.048
1	2.741
1	3.647
1	6.549
1	8.064
1	10.581
1	13.941
1	22.848
1	29.621
1	32.01
1	34.73
1	35.306
1	39.37
1	43.424
1	49.482
1	50.41
1	53.407
1	55.349
1	60.469
1	61.343
1	61.941
1	66.57
1	69.664
1	70.826
1	73.61
1	81.45
1	82.048
1	88.885
1	90.346
1	97.247
1	125.546
1	126.122
1	145.248
1	160.586
1	164.608
1	176.65
1	177.461
1	180.287
1	181.941
1	182.965
1	184.341
1	190.645
1	191.744
1	194.005
1	195.05
1	196.565
1	197.567
1	200.864
1	201.888
1	203.765
1	204.97
1	206.144
1	209.226
1	217.461
1	223.786
1	224.501
1	226.208
1	228.149
1	230.847
1	232.544
1	233.248
1	239.221
1	240.106
1	241.429
1	242.261
1	257.248
1	257.824
1	262.346
1	264.586
1	270.09
1	270.645
1	271.584
1	274.346
1	274.848
1	278.122
1	278.688
1	281.386
1	281.962
1	283.168
1	285.162
1	285.706
1	286.826
1	287.509
1	287.882
1	289.322
1	290.229
1	292.288
1	292.725
1	294.048
1	294.464
1	295.285
1	296.469
1	297.184
1	299.488
1	300.469
1	301.984
1	303.402
1	307.647
1	309.226
1	312.469
1	314.848
1	315.765
1	317.066
1	318.048
1	320.81
1	332.746
1	334.229
1	334.805
1	335.328
1	339.029
1	340.149
1	341.088
1	343.082
1	344.405
1	345.802
1	346.784
1	348.906
1	350.09
1	351.605
1	354.848
1	360.021
1	362.165
1	364.181
1	365.568
1	368.063
1	371.061
1	374.549
1	377.482
1	380.469
1	389.61
1	391.605
1	393.322
1	396.704
1	398.709
1	399.882
1	400.586
1	402.069
1	402.741
1	403.509
1	404.309
1	406.762
1	413.781
1	414.901
1	416.266
1	417.504
1	418.688
1	419.125
1	419.925
1	420.522
1	421.162
1	422.026
1	422.826
1	424.181
1	430.026
1	431.69
1	433.386
1	435.402
1	436.49
1	437.344
1	438.89
1	444.501
1	447.008
1	456.65
1	467.328
1	471.744
1	473.824
1	476.448
1	477.109
1	478.048
1	481.525
1	483.05
1	485.269
1	486.41
1	488.01
1	488.949
1	489.909
1	494.048
1	495.008
1	496.063
1	510.741
1	513.525
1	514.89
1	515.904
1	524.384
1	525.344
1	526.208
1	526.944
1	527.968
1	534.09
1	536.629
1	537.61
1	538.624
1	539.328
1	540.245
1	540.501
1	541.824
1	542.549
1	543.264
1	543.722
1	544.426
1	545.365
1	546.581
1	547.381
1	547.968
1	549.749
1	552.384
1	557.024
1	558.282
1	559.349
1	560.725
1	561.824
1	562.325
1	563.082
1	563.605
1	564.906
1	567.146
1	567.85
1	568.704
1	570.208
1	570.688
1	572.042
1	573.546
1	575.402
1	579.37
1	581.664
1	582.549
1	584.127
1	585.13
1	587.381
1	588.149
1	589.066
1	590.122
1	591.925
1	593.109
1	595.669
1	598.549
1	599.925
1	603.082
1	606.581
1	606.944
1	607.69
1	609.141
1	610.101
1	612.309
1	617.002
1	619.541
1	622.304
1	623.242
1	624.202
1	627.029
1	627.808
1	629.621
1	631.306
1	632.864
1	633.802
1	634.282
1	634.922
2	1.493
2	1.92
2	6.357
2	12.96
2	22.218
2	25.535
2	27.21
2	27.914
2	28.48
2	33.834
2	37.279
2	39.914
2	41.994
2	44.17
2	53.514
2	54.058
2	54.314
2	62.239
2	62.538
2	68.373
2	76.576
2	81.952
2	85.29
2	88.298
2	92.298
2	93.258
2	98.058
2	101.514
2	101.77
2	102.976
2	105.45
2	106.56
2	113.333
2	115.776
2	118.773
2	119.232
2	135.957
2	137.258
2	149.92
2	150.976
2	154.517
2	156.138
2	157.834
2	163.85
2	165.013
2	168.693
2	172.597
2	173.632
2	174.997
2	175.872
2	186.378
2	189.92
2	191.04
2	191.53
2	193.215
2	193.717
2	194.112
2	199.018
2	202.272
2	204.234
2	207.84
2	223.178
2	227.616
2	242.538
2	246.773
2	249.834
2	252.074
2	254.453
2	254.954
2	258.111
2	276.458
2	278.73
2	279.039
2	279.914
2	284.853
2	286.272
2	377.29
2	378.592
2	380.81
2	381.738
2	383.018
2	383.957
2	385.098
2	386.431
2	386.858
2	389.376
2	391.616
2	396.479
2	399.413
2	403.477
2	411.232
2	417.098
2	417.599
2	422.08
2	423.712
2	425.738
2	427.157
2	428.32
2	428.512
2	435.157
2	440.096
2	440.8
2	441.45
2	444.64
2	448.533
2	453.077
2	454.773
2	455.52
2	460.01
2	463.072
2	464.938
2	469.397
2	470.773
2	472.554
2	473.493
2	475.018
2	476.81
2	478.794
2	479.05
2	480.298
2	480.554
2	481.599
2	487.69
2	488.97
2	489.216
2	492.458
2	493.994
2	495.253
2	495.818
2	502.133
2	506.336
2	510.133
2	510.634
2	512.799
2	513.29
2	515.69
2	516.991
2	518.88
2	522.25
2	523.157
2	525.055
2	527.295
2	528.917
2	532.277
2	533.813
2	536.97
2	538.272
2	540.49
2	540.96
2	542.016
2	542.73
2	543.072
2	544.65
2	545.813
2	547.53
2	547.818
2	550.24
2	551.893
2	553.258
2	554.954
2	556.437
2	558.271
2	558.794
2	559.232
2	562.175
2	564.618
2	565.418
2	566.858
2	568.117
2	568.917
2	569.877
2	570.954
2	572.512
2	578.058
2	579.68
2	581.834
2	583.178
2	586.016
2	587.594
2	589.237
2	591.093
2	592.096
2	592.938
2	594.773
2	595.893
2	597.813
2	599.594
2	600.096
2	601.354
2	604.234
2	606.517
2	607.754
2	609.6
2	611.317
2	612.97
2	614.656
2	616.618
2	618.72
2	619.232
2	621.152
2	625.472
2	631.84
2	637.013
3	2.08
3	2.154
3	4.17
3	9.514
3	18.197
3	20.757
3	22.037
3	22.88
3	23.274
3	23.957
3	25.194
3	25.855
3	26.378
3	28.298
3	31.594
3	33.813
3	36.213
3	37.12
3	38.154
3	38.453
3	40.49
3	41.6
3	43.232
3	45.237
3	47.05
3	48.597
3	49.898
3	58.378
3	60.511
3	72.618
3	74.752
3	79.018
3	80.17
3	80.778
3	84.917
3	86.496
3	87.413
3	89.098
3	90.496
3	91.679
3	97.034
3	104.053
3	108.32
3	108.991
3	113.056
3	113.93
3	118.858
3	123.157
3	123.957
3	125.119
3	127.317
3	128.48
3	130.474
3	136.277
3	140.074
3	143.434
3	147.872
3	152.938
3	158.09
3	161.12
3	162.88
3	163.957
3	164.97
3	169.418
3	171.594
3	173.6
3	176.394
3	181.6
3	186.837
3	194.239
3	196.33
3	198.112
3	201.813
3	202.378
3	208.618
3	213.077
3	217.471
3	226.176
3	232.874
3	236.597
3	238.912
3	242.613
3	243.434
3	245.717
3	246.816
3	247.317
3	249.856
3	253.418
3	254.112
3	255.477
3	256.01
3	257.375
3	257.77
3	258.72
3	264.394
3	269.397
3	270.176
3	270.538
3	271.232
3	271.68
3	271.957
3	274.89
3	277.632
3	281.29
3	281.61
3	282.336
3	283.818
3	285.12
3	285.76
3	286.176
3	291.157
3	291.712
3	292.298
3	294.976
3	301.77
3	302.773
3	303.594
3	308.597
3	311.114
3	312.32
3	314.634
3	317.077
3	317.61
3	318.133
3	318.432
3	318.73
3	321.258
3	322.24
3	324.512
3	327.413
3	331.84
3	332.458
3	333.418
3	336.256
3	339.84
3	341.92
3	348.512
3	349.898
3	350.133
3	364.49
3	365.61
3	367.05
3	373.92
3	379.455
3	379.754
3	383.274
3	383.594
3	391.52
3	395.04
3	399.434
3	399.957
3	413.173
3	416.832
3	419.733
3	422.176
3	425.216
3	437.45
3	438.197
3	440.895
3	442.997
3	444.874
3	449.578
3	451.018
3	452.352
3	457.813
3	461.312
3	466.09
3	468.597
3	472.832
3	477.952
3	483.274
3	483.818
3	494.378
3	496.234
3	500.437
3	511.658
3	515.477
3	523.338
3	529.173
3	536.736
3	540.32
3	554.24
3	563.072
3	571.456
3	578.56
3	585.12
3	588.917
3	596.97
3	600.65
3	606.24
3	615.573
3	624.16
3	632.874
3	633.856
3	635.413
4	1.792
4	2.272
4	3.157
4	4.512
4	5.717
4	6.773
4	12.234
4	13.333
4	17.717
4	20.533
4	21.45
4	23.53
4	26.954
4	28.032
4	34.89
4	36.053
4	37.354
4	46.08
4	47.05
4	53.376
4	58.037
4	61.077
4	61.418
4	63.135
4	66.133
4	69.098
4	72.778
4	73.952
4	76.714
4	80
4	81.354
4	82.858
4	85.258
4	87.573
4	88.896
4	90.08
4	93.152
4	95.872
4	97.173
4	111.039
4	115.338
4	115.69
4	116.597
4	118.271
4	119.818
4	123.253
4	124.16
4	125.45
4	126.858
4	132.256
4	133.055
4	134.314
4	135.712
4	136.736
4	140.65
4	141.856
4	144.8
4	147.21
4	148.672
4	149.792
4	156.65
4	159.37
4	161.397
4	163.317
4	166.016
4	171.296
4	173.013
4	174.41
4	176.533
4	181.013
4	182.997
4	184.213
4	185.717
4	187.434
4	188.853
4	189.514
4	192.65
4	192.959
4	197.194
4	199.072
4	200.16
4	202.218
4	203.274
4	204.992
4	208.714
4	209.994
4	211.317
4	214.272
4	216.298
4	219.178
4	222.218
4	222.517
4	224.16
4	225.792
4	227.84
4	228.512
4	230.112
4	231.594
4	233.536
4	239.637
4	241.898
4	245.76
4	248.373
4	258.495
4	267.936
4	271.274
4	274.293
4	275.85
4	278.218
4	281.599
4	283.936
4	291.392
4	293.813
4	300.416
4	303.253
4	313.792
4	315.178
4	322.432
4	327.136
4	334.314
4	335.05
4	337.813
4	341.93
4	345.376
4	350.176
4	354.24
4	359.093
4	363.392
4	368.096
4	372.394
4	373.898
4	376.64
4	382.613
4	385.557
4	394.57
4	395.135
4	397.418
4	398.474
4	398.933
4	408.277
4	413.717
4	415.658
4	417.397
4	417.632
4	419.754
4	422.08
4	424.053
4	425.653
4	428.81
4	433.514
4	434.111
4	434.656
4	437.92
4	438.976
4	444.33
4	445.376
4	448.65
4	451.53
4	453.717
4	456.298
4	458.752
4	459.04
4	462.656
4	464.16
4	465.717
4	467.36
4	472.736
4	473.216
4	477.44
4	482.293
4	483.53
4	485.653
4	487.573
4	488.575
4	489.61
4	490.016
4	492.832
4	496.298
4	498.09
4	503.05
4	507.69
4	509.376
4	515.573
4	517.152
4	519.039
4	528.48
4	530.976
4	532.757
4	533.738
4	535.018
4	536.736
4	537.333
4	539.338
4	540.832
4	542.57
4	550.453
4	552.693
4	554.816
4	559.733
4	560.512
4	562.57
4	563.37
4	565.013
4	569.738
4	575.637
4	578.336
4	586.752
4	587.552
4	596.16
4	597.93
4	599.85
4	601.493
4	603.317
4	604.17
4	607.658
4	609.472
4	610.773
4	612.031
4	615.232
4	617.472
4	618.773
4	625.151
4	626.656
4	628.49
4	629.76
4	632.992
4	633.194
4	633.674
6	0.896
6	5.13
6	5.439
6	8.693
6	11.157
6	12.693
6	15.573
6	22.954
6	29.877
6	36.778
6	42.858
6	51.957
6	52.895
6	63.455
6	63.797
6	64.256
6	70.816
6	78.517
6	86.218
6	93.514
6	97.77
6	98.432
6	99.093
6	100.65
6	102.752
6	118.015
6	119.317
6	124.234
6	125.973
6	136.298
6	139.69
6	142.4
6	146.293
6	147.317
6	149.557
6	157.994
6	160.576
6	162.41
6	163.978
6	169.333
6	179.637
6	180.352
6	188.213
6	189.792
6	190.816
6	197.717
6	199.317
6	208.597
6	209.471
6	211.072
6	214.133
6	223.84
6	224.191
6	224.49
6	224.714
6	225.653
6	226.495
6	228.01
6	229.013
6	229.418
6	230.133
6	231.359
6	232.576
6	236.213
6	237.44
6	239.935
6	241.92
6	244.778
6	254.432
6	257.216
6	262.4
6	265.098
6	267.072
6	269.44
6	275.21
6	282.933
6	284.256
6	286.037
6	288.65
6	289.856
6	299.296
6	312.256
6	314.314
6	316.053
6	322.997
6	334.218
6	335.658
6	340.479
6	340.97
6	341.28
6	342.773
6	345.077
6	350.08
6	354.496
6	355.392
6	357.792
6	360.49
6	361.61
6	362.357
6	364.714
6	367.413
6	371.413
6	373.674
6	377.653
6	379.477
6	380.97
6	388.096
6	388.437
6	396.394
6	397.717
6	407.072
6	412.416
6	414.56
6	416.48
6	418.73
6	420.778
6	425.514
6	433.632
6	435.658
6	442.453
6	444.896
6	447.434
6	448.992
6	450.656
6	451.754
6	452.757
6	453.717
6	454.517
6	455.072
6	458.111
6	458.613
6	459.658
6	460.618
6	463.434
6	464.778
6	465.717
6	466.976
6	467.914
6	469.376
6	470.73
6	472.575
6	474.89
6	477.77
6	478.794
6	480.373
6	481.717
6	484.138
6	485.898
6	486.154
6	487.2
6	487.818
6	488.298
6	493.29
6	494.058
6	497.013
6	497.653
6	502.378
6	503.413
6	526.656
6	531.391
6	533.152
6	542.474
6	544.48
6	548.576
6	551.157
6	554.474
6	570.656
6	570.89
6	575.573
6	578.314
6	584.373
6	587.157
6	589.29
6	591.157
6	593.216
6	595.093
6	598.271
6	600.277
6	603.53
6	604.778
6	614.816
6	617.898
6	619.413
6	623.018
6	624.437
7	2.592
7	3.818
7	6.912
7	15.52
7	16.32
7	17.674
7	18.112
7	19.317
7	21.077
7	22.56
7	23.53
7	23.797
7	24.597
7	25.397
7	26.24
7	26.752
7	27.914
7	29.237
7	34.09
7	35.317
7	35.69
7	36.32
7	36.992
7	40.352
7	41.653
7	42.112
7	42.57
7	50.613
7	60.959
7	61.93
7	63.839
7	65.45
7	66.997
7	67.392
7	68.032
7	70.176
7	73.631
7	74.496
7	76.554
7	78.133
7	79.295
7	80.693
7	81.653
7	82.453
7	84.16
7	85.418
7	86.24
7	87.2
7	88.757
7	89.056
7	90.432
7	92.394
7	94.474
7	95.776
7	98.453
7	99.018
7	101.034
7	103.199
7	104.394
7	106.197
7	108.138
7	109.194
7	110.25
7	111.616
7	113.098
7	115.136
7	116.138
7	116.33
7	118.559
7	121.056
7	121.536
7	122.538
7	123.616
7	123.914
7	124.64
7	125.856
7	126.954
7	127.616
7	128.938
7	130.912
7	131.978
7	132.896
7	136.117
7	137.674
7	139.477
7	143.434
7	150.218
7	153.93
7	156.053
7	158.816
7	160.458
7	161.237
7	163.093
7	164.799
7	166.656
7	168.298
7	171.594
7	172.512
7	175.456
7	177.12
7	179.936
7	180.512
7	182.25
7	183.136
7	183.85
7	184.33
7	184.64
7	189.034
7	191.69
7	193.013
7	195.775
7	200.298
7	202.677
7	205.034
7	206.698
7	208.853
7	211.456
7	214.517
7	215.818
7	217.418
7	225.877
7	230.538
7	235.178
7	236.33
7	236.672
7	236.938
7	237.45
7	243.21
7	244.213
7	247.093
7	249.536
7	251.872
7	252.352
7	253.653
7	254.453
7	256.255
7	259.21
7	259.434
7	261.76
7	270.357
7	271.85
7	274.41
7	275.957
7	276.394
7	276.671
7	277.013
7	277.92
7	284.97
7	286.773
7	289.994
7	292.554
7	300.458
7	308.576
7	312.597
7	314.016
7	326.314
7	337.397
7	341.45
7	345.152
7	346.773
7	349.258
7	350.474
7	353.397
7	354.218
7	354.634
7	356.213
7	361.45
7	367.957
7	371.093
7	376.853
7	382.453
7	383.093
7	393.013
7	394.773
7	396.479
7	398.453
7	400.597
7	413.13
7	414.73
7	419.093
7	421.13
7	421.856
7	424.053
7	425.599
7	427.594
7	429.376
7	430.719
7	432.97
7	434.272
7	438.336
7	439.573
7	444.01
7	445.312
7	446.698
7	448.672
7	450.431
7	454.09
7	456.49
7	458.89
7	461.056
7	461.557
7	463.05
7	463.797
7	465.034
7	466.794
7	468.479
7	472.65
7	473.258
7	475.477
7	479.232
7	483.274
7	483.818
7	487.477
7	488.575
7	491.637
7	492.234
7	502.4
7	506.314
7	508.81
7	518.677
7	519.552
7	521.919
7	523.594
7	525.034
7	525.738
7	527.872
7	528.672
7	529.578
7	530.016
7	534.453
7	536.736
7	537.898
7	538.816
7	539.232
7	539.754
7	540.17
7	540.896
7	541.856
7	543.2
7	544.352
7	546.058
7	547.712
7	549.258
7	550.858
7	552.554
7	553.312
7	554.858
7	555.658
7	556.672
7	557.216
7	557.994
7	558.474
7	559.36
7	559.68
7	560.512
7	560.896
7	561.92
7	562.474
7	563.818
7	564.533
7	566.037
7	567.114
7	570.314
7	571.84
7	573.93
7	575.253
7	575.498
7	577.173
7	578.293
7	579.52
7	580.96
7	582.314
7	582.592
7	583.573
7	584.458
7	585.792
7	589.29
7	590.357
7	592.394
7	593.45
7	597.674
7	598.816
7	601.6
7	605.216
7	606.57
7	607.872
7	610.976
7	614.816
7	623.391
8	0.512
8	1.696
8	2.25
8	2.794
8	3.338
8	3.658
8	4.65
8	5.13
8	5.354
8	6.592
8	10.592
8	17.45
8	17.514
8	21.45
8	21.791
8	22.24
8	22.816
8	23.338
8	23.616
8	23.893
8	24.117
8	25.674
8	25.952
8	28.895
8	29.279
8	30.24
8	32.65
8	33.216
8	33.994
8	34.837
8	35.05
8	35.978
8	38.272
8	39.872
8	40.736
8	45.557
8	46.175
8	46.634
8	47.199
8	48
8	49.792
8	50.517
8	55.818
8	58.175
8	61.258
8	62.154
8	64.16
8	65.514
8	66.24
8	67.018
8	70.538
8	72.672
8	72.96
8	73.674
8	75.274
8	76.16
8	76.778
8	77.397
8	78.314
8	78.378
8	79.2
8	80.298
8	80.65
8	82.112
8	82.613
8	83.317
8	83.69
8	84.16
8	84.458
8	86.25
8	87.05
8	87.232
8	88.554
8	89.098
8	90.09
8	90.197
8	90.57
8	90.954
8	91.295
8	91.893
8	93.6
8	96.33
8	96.64
8	100.394
8	100.96
8	101.472
8	102.176
8	103.616
8	104.458
8	105.034
8	105.375
8	108.479
8	108.81
8	109.397
8	110.015
8	111.018
8	111.52
8	112.17
8	112.853
8	113.098
8	113.93
8	116.373
8	116.64
8	116.896
8	118.88
8	121.77
8	123.295
8	123.893
8	124.256
8	124.512
8	124.896
8	125.631
8	125.856
8	126.752
8	128.16
8	128.32
8	128.895
8	129.44
8	130.794
8	131.274
8	132.192
8	133.034
8	133.877
8	134.25
8	134.314
8	136.576
8	137.237
8	138.176
8	139.178
8	140.117
8	141.973
8	142.656
8	143.018
8	144.576
8	147.018
8	147.712
8	148.64
8	148.97
8	149.311
8	149.813
8	150.037
8	152.778
8	153.92
8	158.335
8	158.89
8	159.232
8	159.68
8	161.877
8	163.296
8	165.76
8	167.658
8	172.938
8	175.359
8	176.512
8	176.896
8	177.813
8	179.69
8	180.992
8	182.752
8	184.597
8	185.6
8	186.016
8	186.4
8	187.68
8	189.557
8	190.858
8	195.37
8	197.29
8	198.677
8	202.09
8	203.072
8	204.298
8	206.197
8	206.378
8	207.893
8	210.634
8	211.637
8	213.856
8	216.757
8	222.112
8	223.754
8	227.85
8	227.914
8	228.554
8	230.357
8	230.677
8	231.05
8	231.616
8	234.112
8	240.138
8	242.495
8	243.274
8	244.672
8	245.717
8	246.432
8	249.877
8	250.954
8	252.618
8	253.29
8	253.856
8	254.453
8	255.178
8	255.552
8	256.298
8	256.554
8	257.92
8	258.858
8	259.957
8	262.293
8	265.493
8	265.696
8	266.4
8	268
8	268.117
8	269.45
8	271.413
8	274.634
8	275.072
8	276.458
8	277.76
8	280.074
8	280.533
8	281.93
8	282.89
8	283.04
8	283.477
8	283.936
8	284.65
8	286.336
8	289.834
8	294.09
8	294.698
8	295.093
8	295.978
8	297.258
8	297.738
8	300.554
8	301.514
8	308.437
8	310.858
8	312
8	312.256
8	313.44
8	315.21
8	315.733
8	317.077
8	320.416
8	322.314
8	323.072
8	326.538
8	326.933
8	328.17
8	329.152
8	331.477
8	331.658
8	335.936
8	336.394
8	337.674
8	338.197
8	338.933
8	339.434
8	341.674
8	341.994
8	343.84
8	346.613
8	348.757
8	349.333
8	350.719
8	351.05
8	351.36
8	353.994
8	355.53
8	355.68
8	356.8
8	358.154
8	359.37
8	361.578
8	362.976
8	365.93
8	368.277
8	370.976
8	371.135
8	371.936
8	372.736
8	374.293
8	376.394
8	378.4
8	382.56
8	383.2
8	385.813
8	386.133
8	386.293
8	388.65
8	391.039
8	392.757
8	394.197
8	395.573
8	397.152
8	397.418
8	397.738
8	398.25
8	398.656
8	399.317
8	400.458
8	403.253
8	403.68
8	404.554
8	407.178
8	408
8	408.597
8	413.44
8	414.176
8	414.378
8	416.96
8	417.717
8	418.24
8	420.554
8	423.093
8	423.733
8	426.56
8	427.05
8	427.498
8	427.872
8	428
8	428.458
8	429.994
8	430.496
8	430.816
8	431.818
8	431.957
8	433.194
8	433.472
8	434.57
8	435.157
8	436.512
8	436.597
8	438.453
8	439.114
8	440.853
8	442.912
8	443.733
8	443.978
8	444.32
8	445.44
8	445.674
8	448.597
8	448.714
8	449.77
8	450.24
8	450.976
8	451.573
8	452.437
8	455.039
8	456.597
8	458.794
8	458.997
8	460.298
8	461.397
8	462.293
8	462.858
8	463.136
8	463.53
8	464.256
8	464.736
8	465.034
8	465.898
8	467.04
8	467.658
8	468
8	468.96
8	469.397
8	474.719
8	475.85
8	479.37
8	483.818
8	486.41
8	487.978
8	492.512
8	495.413
8	497.599
8	498.037
8	499.733
8	501.792
8	502.24
8	504.138
8	507.455
8	509.152
8	509.173
8	512.192
8	513.354
8	514.954
8	516.458
8	517.653
8	518.197
8	519.21
8	520.373
8	521.312
8	523.413
8	524.277
8	524.97
8	525.717
8	527.594
8	527.712
8	528.672
8	530.08
8	531.05
8	532.554
8	533.674
8	535.84
8	537.877
8	538.837
8	540.01
8	540.16
8	540.96
8	542.25
8	542.4
8	543.84
8	543.84
8	546.4
8	549.152
8	552.458
8	552.96
8	554.496
8	557.258
8	558.453
8	559.04
8	559.52
8	560.458
8	563.391
8	564.853
8	564.874
8	570.517
8	570.954
8	574.293
8	574.432
8	575.477
8	576.415
8	578.816
8	581.738
8	582.656
8	583.84
8	584.394
8	585.194
8	586.634
8	586.698
8	587.53
8	588.053
8	590.271
8	592.17
8	592.352
8	595.114
8	595.957
8	596.117
8	598.24
8	598.357
8	600.96
8	603.616
8	606.997
8	608.917
8	609.792
8	612.832
8	615.776
8	616.49
8	616.853
8	619.178
8	622.133
8	622.72
8	623.872
8	624.138
8	625.717
8	627.21
8	628.64
8	632.458
8	632.896
8	633.653
8	634.453
8	634.538
8	634.837
8	635.733
8	636.234
8	636.736
8	636.757
8	636.96
8	637.653
9	3.093
9	4.896
9	8.096
9	11.616
9	14.976
9	42.592
9	50.272
9	52.938
9	60.575
9	60.736
9	60.917
9	64.874
9	70.933
9	72.298
9	73.258
9	76.896
9	82.25
9	96.416
9	102.997
9	123.893
9	132.352
9	143.712
9	191.84
9	207.498
9	220.16
9	224.16
9	229.333
9	230.272
9	233.13
9	233.194
9	236.693
9	238.837
9	242.57
9	247.679
9	247.754
9	248.693
9	282.058
9	298.73
9	340.853
9	347.68
9	362.954
9	368.597
9	373.397
9	396.256
9	416.8
9	420.32
9	420.8
9	424.992
9	452.576
9	464.597
9	466.496
9	468.352
9	498.538
9	503.754
9	541.536
9	551.658
9	569.45
9	575.295
9	578.538
9	585.536
9	598.538
9	607.818
9	615.52
9	624.49
9	627.872
9	633.29
9	633.898
9	634.24
10	1.418
10	1.696
10	3.21
10	3.893
10	4.415
10	5.311
10	5.792
10	5.973
10	6.389
10	6.976
10	7.178
10	7.455
10	7.967
10	13.28
10	15.36
10	16.159
10	16.469
10	16.832
10	18.08
10	18.357
10	19.21
10	20.394
10	20.959
10	21.631
10	22.997
10	23.594
10	24.213
10	27.253
10	28.255
10	28.49
10	29.055
10	29.791
10	29.866
10	31.818
10	32.874
10	33.077
10	33.834
10	34.56
10	35.114
10	35.989
10	36.533
10	38.656
10	38.997
10	39.936
10	41.098
10	42.858
10	43.552
10	44.074
10	45.215
10	45.471
10	45.557
10	46.869
10	48.277
10	49.61
10	51.413
10	51.775
10	55.477
10	56.16
10	57.44
10	58.837
10	59.968
10	60.97
10	61.578
10	64.458
10	65.696
10	67.029
10	68.074
10	68.512
10	68.853
10	69.173
10	69.994
10	70.858
10	72.896
10	73.898
10	74.399
10	76.49
10	76.693
10	76.757
10	77.749
10	77.813
10	78.826
10	78.954
10	79.669
10	80.032
10	80.053
10	81.29
10	81.792
10	82.112
10	82.314
10	82.911
10	83.114
10	85.631
10	86.517
10	86.911
10	87.36
10	88.714
10	89.173
10	89.408
10	93.237
10	94.997
10	97.034
10	98.24
10	99.178
10	100.49
10	101.738
10	102.773
10	103.071
10	104.01
10	105.13
10	107.093
10	108.672
10	108.81
10	109.226
10	110.752
10	111.754
10	112
10	112.213
10	113.898
10	115.072
10	116.49
10	119.199
10	120.607
10	121.813
10	123.36
10	124.074
10	124.938
10	125.194
10	125.258
10	126.314
10	127.679
10	129.077
10	131.178
10	133.077
10	133.973
10	136.352
10	136.714
10	139.498
10	139.775
10	140.053
10	140.33
10	141.973
10	142.154
10	142.453
10	143.637
10	143.968
10	144.256
10	144.81
10	145.013
10	145.856
10	148.49
10	148.533
10	149.578
10	149.834
10	152.394
10	155.157
10	155.498
10	156.81
10	157.248
10	159.05
10	160.32
10	161.152
10	161.429
10	162.357
10	163.498
10	163.648
10	164.287
10	164.799
10	165.973
10	167.178
10	169.173
10	170.314
10	170.41
10	171.616
10	171.637
10	171.872
10	173.877
10	175.232
10	176.533
10	176.949
10	177.173
10	179.573
10	180.33
10	181.173
10	182.09
10	182.89
10	183.114
10	183.2
10	184.778
10	185.386
10	185.653
10	185.952
10	186.794
10	188.277
10	189.472
10	189.696
10	190.09
10	190.752
10	191.53
10	191.84
10	193.098
10	194.495
10	194.751
10	194.869
10	196.672
10	196.896
10	198.186
10	199.018
10	199.04
10	199.53
10	202.357
10	202.378
10	202.634
10	202.73
10	202.816
10	204.81
10	205.12
10	205.418
10	205.653
10	205.877
10	206.591
10	209.215
10	209.61
10	209.834
10	210.08
10	210.453
10	211.669
10	212.789
10	213.749
10	214.357
10	215.072
10	215.477
10	215.53
10	216.256
10	216.437
10	216.608
10	216.714
10	217.215
10	217.578
10	217.589
10	217.93
10	218.239
10	218.57
10	221.674
10	222.112
10	223.072
10	224.17
10	224.949
10	225.738
10	226.517
10	227.968
10	229.034
10	229.13
10	231.626
10	231.935
10	232.714
10	233.269
10	234.751
10	235.69
10	236.192
10	236.832
10	237.472
10	238.079
10	238.517
10	239.69
10	239.754
10	240.373
10	240.576
10	241.258
10	241.578
10	244.352
10	244.49
10	248.992
10	249.493
10	249.589
10	251.712
10	252.106
10	253.877
10	256.533
10	257.077
10	257.418
10	258.133
10	258.41
10	258.794
10	261.717
10	262.453
10	263.712
10	265.034
10	266.293
10	267.178
10	270.09
10	271.232
10	273.13
10	274.293
10	275.434
10	276.106
10	278.293
10	279.168
10	279.274
10	280.437
10	280.512
10	281.813
10	283.072
10	283.456
10	285.632
10	288.256
10	289.013
10	292.49
10	292.746
10	293.717
10	294.058
10	294.112
10	295.733
10	298.517
10	299.146
10	299.616
10	302.24
10	302.346
10	303.733
10	305.994
10	307.413
10	308.853
10	309.13
10	309.834
10	310.527
10	310.933
10	312.106
10	312.234
10	313.109
10	313.216
10	314.133
10	314.976
10	315.232
10	315.274
10	315.477
10	316.17
10	317.333
10	319.573
10	320.298
10	322.389
10	322.634
10	323.029
10	325.194
10	325.834
10	327.232
10	327.413
10	328.928
10	331.456
10	331.669
10	333.077
10	333.429
10	333.695
10	334.048
10	334.752
10	334.954
10	336.373
10	337.226
10	337.674
10	338.794
10	339.872
10	340.437
10	340.757
10	340.81
10	341.653
10	342.634
10	342.656
10	343.072
10	343.968
10	345.13
10	345.194
10	346.208
10	346.56
10	346.858
10	348.917
10	349.386
10	350.218
10	350.496
10	353.493
10	356.213
10	356.746
10	357.994
10	359.498
10	360.138
10	362.272
10	363.029
10	363.434
10	366.133
10	366.314
10	367.573
10	367.658
10	367.893
10	368.298
10	371.093
10	371.392
10	371.754
10	372.17
10	372.874
10	373.312
10	376.213
10	376.714
10	377.056
10	377.514
10	378.058
10	378.229
10	379.616
10	379.914
10	381.173
10	382.634
10	382.666
10	383.648
10	384.49
10	385.056
10	385.312
10	386.016
10	388.416
10	389.877
10	391.434
10	393.29
10	394.154
10	394.72
10	394.976
10	396
10	396.298
10	397.898
10	398.496
10	401.109
10	401.173
10	405.536
10	406.389
10	407.936
10	408.469
10	408.992
10	409.888
10	410.218
10	411.498
10	412.33
10	413.695
10	413.717
10	414.368
10	414.752
10	415.2
10	416.33
10	417.696
10	419.093
10	419.253
10	420.117
10	420.917
10	421.109
10	422.133
10	423.072
10	423.36
10	424.352
10	424.672
10	425.472
10	426.111
10	426.41
10	427.989
10	428.874
10	429.973
10	431.21
10	431.21
10	432.895
10	433.45
10	433.877
10	434.218
10	436.49
10	438.336
10	441.29
10	442.069
10	443.253
10	444.138
10	444.17
10	445.152
10	446.336
10	446.634
10	448.33
10	448.895
10	449.13
10	449.493
10	450.229
10	451.114
10	451.392
10	451.829
10	452.437
10	453.93
10	454.154
10	455.551
10	455.754
10	456.49
10	456.778
10	457.429
10	458.133
10	458.41
10	458.954
10	460.554
10	461.258
10	461.354
10	462.112
10	462.549
10	463.434
10	463.637
10	464.416
10	464.81
10	464.895
10	465.152
10	465.44
10	465.792
10	466.272
10	466.954
10	467.733
10	467.946
10	469.29
10	469.61
10	470.09
10	472.672
10	472.81
10	473.354
10	474.207
10	474.677
10	476.256
10	476.479
10	477.066
10	477.578
10	477.653
10	479.53
10	480.266
10	481.973
10	482.773
10	483.914
10	484.512
10	484.533
10	485.6
10	485.834
10	488.213
10	490.933
10	491.797
10	493.376
10	493.514
10	494.069
10	494.933
10	495.296
10	495.69
10	496.81
10	497.429
10	497.695
10	497.77
10	498.816
10	499.413
10	499.626
10	500.01
10	500.789
10	501.674
10	502.015
10	502.496
10	502.73
10	502.954
10	503.754
10	505.749
10	506.378
10	507.178
10	508.576
10	508.789
10	508.853
10	509.61
10	510.592
10	510.592
10	510.976
10	511.616
10	512.373
10	512.554
10	513.674
10	513.727
10	514.453
10	514.912
10	515.391
10	515.616
10	516.032
10	516.768
10	517.354
10	517.439
10	518.613
10	519.295
10	520.256
10	521.717
10	521.813
10	522.474
10	523.85
10	524.608
10	524.736
10	525.312
10	526.752
10	526.89
10	527.2
10	527.466
10	530.592
10	532.213
10	533.717
10	534.496
10	534.592
10	535.936
10	536.309
10	536.97
10	537.429
10	538.09
10	538.496
10	539.573
10	540.053
10	540.778
10	540.992
10	541.813
10	542.069
10	542.453
10	542.72
10	543.029
10	543.2
10	544.533
10	545.088
10	547.008
10	547.872
10	549.077
10	550.271
10	551.616
10	553.248
10	553.674
10	554.25
10	554.72
10	556.352
10	557.055
10	557.386
10	557.973
10	559.093
10	559.317
10	560.992
10	562.816
10	562.933
10	564.437
10	564.608
10	564.778
10	565.408
10	565.834
10	566.57
10	566.976
10	568.458
10	569.098
10	570.933
10	572.576
10	573.834
10	574.016
10	575.093
10	575.36
10	575.456
10	576.33
10	578.229
10	578.432
10	579.114
10	580.693
10	581.546
10	581.557
10	582.453
10	582.453
10	583.573
10	584.693
10	585.13
10	585.418
10	586.112
10	586.752
10	586.997
10	587.253
10	587.712
10	588.01
10	588.512
10	589.247
10	589.29
10	589.92
10	592.16
10	592.853
10	593.056
10	594.816
10	595.05
10	595.232
10	595.989
10	596.576
10	597.152
10	597.472
10	598.314
10	598.752
10	599.456
10	599.818
10	600.853
10	601.056
10	604.192
10	605.13
10	605.674
10	607.05
10	607.253
10	607.594
10	608.319
10	609.61
10	609.877
10	610.528
10	610.698
10	612.64
10	614.538
10	615.498
10	616.096
10	616.832
10	617.066
10	617.813
10	617.93
10	618.816
10	619.36
10	621.333
10	622.133
10	622.912
10	623.893
10	625.312
10	627.456
10	627.776
10	628.693
10	628.789
10	629.856
10	629.92
10	633.013
10	633.45
10	634.314
10	635.872
10	636.874
11	19.872
11	46.239
11	81.45
11	81.856
11	93.418
11	114.133
11	115.413
11	116.394
11	127.594
11	146.954
11	161.173
11	163.53
11	164.917
11	169.738
11	172.16
11	201.194
11	223.53
11	240.672
11	255.232
11	256.65
11	258.24
11	265.578
11	316.074
11	316.832
11	318.197
11	320.096
11	341.376
11	363.893
11	376.757
11	416.64
11	417.856
11	424.32
11	428.97
11	432.17
11	434.517
11	462.976
11	483.392
11	488.32
11	502.954
11	524.117
11	549.216
11	557.418
11	595.52
11	598.357
11	606.538
11	607.936
11	612.031
11	615.317
11	635.957
13	0.81
13	1.418
13	1.952
13	3.893
13	5.354
13	6.816
13	9.952
13	10.57
13	11.914
13	16.938
13	18.037
13	19.434
13	20.48
13	22.698
13	24.64
13	26.474
13	30.272
13	30.837
13	31.498
13	32.095
13	33.354
13	36.298
13	37.216
13	37.93
13	38.677
13	41.45
13	44.65
13	44.874
13	47.36
13	50.815
13	52.853
13	53.632
13	54.378
13	55.36
13	56.352
13	58.239
13	61.834
13	63.274
13	64.17
13	65.237
13	65.738
13	65.994
13	66.773
13	67.701
13	68.096
13	68.298
13	69.28
13	71.157
13	72.351
13	73.738
13	73.994
13	75.295
13	75.498
13	76.213
13	77.056
13	79.637
13	80.256
13	82.015
13	82.357
13	83.413
13	90.57
13	91.551
13	94.015
13	97.493
13	98.88
13	99.253
13	102.88
13	103.551
13	104.64
13	105.631
13	106.24
13	108.597
13	109.13
13	111.477
13	112.33
13	113.61
13	122.133
13	122.858
13	123.093
13	126.133
13	127.253
13	130.016
13	130.752
13	130.954
13	131.21
13	133.258
13	133.6
13	134.357
13	136.192
13	137.013
13	140.138
13	141.12
13	142.016
13	142.357
13	142.57
13	149.333
13	152.736
13	152.832
13	152.992
13	153.173
13	155.04
13	155.498
13	156.096
13	156.778
13	158.453
13	158.912
13	159.04
13	159.456
13	159.637
13	161.152
13	162.698
13	163.072
13	163.338
13	163.573
13	164.298
13	164.853
13	164.992
13	165.13
13	166.517
13	167.658
13	167.914
13	168.458
13	170.133
13	176.832
13	177.194
13	179.712
13	185.13
13	187.733
13	188.234
13	188.672
13	189.12
13	189.76
13	190.24
13	190.634
13	190.997
13	191.776
13	192.778
13	193.77
13	197.738
13	222.517
13	224.138
13	224.32
13	225.674
13	226.08
13	227.317
13	231.434
13	238.933
13	241.44
13	242.09
13	242.538
13	243.178
13	245.493
13	247.893
13	250.4
13	252.65
13	253.653
13	258.815
13	262.218
13	266.378
13	266.73
13	269.12
13	274.197
13	274.378
13	276.234
13	278.837
13	280.554
13	282.111
13	289.792
13	289.898
13	290.133
13	292.394
13	295.551
13	297.098
13	303.296
13	308.832
13	327.413
13	329.92
13	334.752
13	335.712
13	338.752
13	339.637
13	340.32
13	341.216
13	345.12
13	349.216
13	365.792
13	368.597
13	371.776
13	372.298
13	376.032
13	388.416
13	389.695
13	394.912
13	397.578
13	399.018
13	401.61
13	405.717
13	412.159
13	413.834
13	414.858
13	416.192
13	417.76
13	419.21
13	420.394
13	421.557
13	422.954
13	424.277
13	428.256
13	431.413
13	431.893
13	432.053
13	432.65
13	434.016
13	439.05
13	441.098
13	442.634
13	443.914
13	444.991
13	448.053
13	452.576
13	454.773
13	456.48
13	457.354
13	457.994
13	458.837
13	460.053
13	461.557
13	462.752
13	463.637
13	464.352
13	465.056
13	465.973
13	466.912
13	471.413
13	472.618
13	473.376
13	473.952
13	474.858
13	475.776
13	477.418
13	478.41
13	482.24
13	483.573
13	485.194
13	492.053
13	494.538
13	496.832
13	499.477
13	500.458
13	501.994
13	502.997
13	504.032
13	507.338
13	508.138
13	509.493
13	510.954
13	512
13	517.514
13	520.138
13	525.077
13	525.973
13	526.912
13	533.439
13	537.632
13	538.997
13	540.16
13	542.058
13	551.498
13	554.058
13	556.757
13	558.56
13	558.858
13	559.253
13	559.733
13	560.277
13	560.757
13	561.077
13	561.28
13	561.877
13	562.72
13	570.634
13	573.674
13	577.493
13	578.272
13	579.914
13	581.397
13	582.656
13	585.098
13	587.253
13	591.733
13	594.912
13	599.776
13	602.56
13	606.912
13	615.232
13	624.138
13	626.24
13	637.696
14	2.538
14	30.73
14	59.253
14	77.333
14	79.679
14	81.152
14	124.735
14	127.338
14	130.677
14	143.616
14	151.338
14	179.754
14	190.41
14	217.152
14	245.12
14	245.44
14	247.072
14	248.33
14	250.4
14	250.73
14	251.754
14	252.853
14	253.76
14	254.591
14	258.73
14	263.594
14	265.45
14	267.36
14	271.594
14	274.293
14	276.874
14	277.28
14	277.514
14	278.677
14	279.114
14	282.016
14	283.04
14	293.354
14	300.256
14	314.133
14	322.218
14	339.53
14	342.858
14	354.858
14	368.533
14	378.197
14	385.152
14	398.719
14	415.37
14	417.76
14	434.314
14	438.218
14	448.618
14	452.437
14	454.154
14	461.557
14	467.53
14	469.493
14	478.218
14	479.338
14	481.216
14	502.4
14	506.677
14	511.413
14	511.957
14	513.919
14	531.52
14	533.77
14	543.936
14	545.93
14	548.992
14	556.896
14	559.157
14	575.391
14	582.432
14	583.68
14	595.114
14	596.554
14	617.173
14	622.079
14	625.216
14	631.2
15	3.296
15	8.17
15	14.698
15	18.24
15	35.957
15	36.192
15	40.693
15	51.37
15	54.613
15	56.096
15	61.77
15	82.933
15	88.853
15	89.898
15	91.295
15	91.573
15	92.49
15	98.176
15	109.237
15	110.293
15	110.954
15	112.256
15	112.64
15	115.69
15	125.514
15	127.157
15	129.93
15	133.013
15	134.517
15	139.616
15	143.296
15	145.792
15	148.213
15	153.792
15	163.658
15	176.757
15	177.856
15	182.314
15	183.21
15	185.418
15	190.154
15	198.591
15	204.799
15	216.373
15	217.792
15	222.176
15	224.938
15	228.992
15	229.632
15	231.733
15	237.93
15	256.693
15	262.218
15	274.378
15	285.536
15	294.058
15	312.352
15	315.04
15	321.28
15	335.776
15	336.256
15	338.816
15	340
15	346.88
15	350.496
15	355.04
15	357.216
15	359.114
15	359.957
15	362.976
15	370.09
15	371.455
15	372.778
15	376.533
15	379.018
15	391.2
15	392.437
15	396.778
15	404.64
15	413.77
15	414.09
15	417.194
15	421.632
15	423.157
15	425.898
15	431.871
15	432.97
15	433.418
15	434.08
15	443.936
15	445.472
15	448.33
15	450.133
15	451.498
15	453.834
15	455.594
15	457.13
15	458.218
15	461.13
15	464.65
15	469.077
15	472.693
15	477.493
15	480.96
15	483.37
15	484.298
15	485.45
15	493.397
15	494.538
15	496.277
15	501.152
15	502.912
15	507.893
15	517.653
15	524.053
15	531.573
15	533.717
15	536.97
15	544.597
15	556.64
15	558.954
15	559.936
15	563.413
15	567.498
15	570.378
15	575.594
15	578.336
15	579.477
15	583.53
15	585.994
15	590.154
15	594.997
15	596.554
15	599.914
15	602.314
15	604.192
15	606.154
15	610.773
15	612.778
15	615.776
15	622.794
15	627.637
15	632.256
15	635.136
15	636.437
16	3.199
16	9.898
16	11.797
16	29.279
16	86.73
16	95.594
16	114.154
16	114.858
16	145.45
16	147.498
16	150.357
16	163.914
16	166.272
16	170.73
16	186.954
16	194.314
16	206.154
16	223.178
16	228.672
16	284.874
16	285.173
16	287.157
16	289.216
16	291.594
16	298.933
16	302.176
16	319.872
16	321.61
16	323.317
16	328.373
16	341.952
16	345.333
16	373.312
16	373.813
16	375.178
16	387.872
16	404.256
16	408.512
16	413.674
16	416.917
16	419.776
16	420.512
16	434.698
16	444.917
16	448.352
16	461.312
16	468.597
16	483.093
16	488.458
16	494.293
16	510.335
16	542.656
16	546.773
16	554.634
16	560.672
16	567.253
16	572.96
16	595.872
16	601.536
16	606.293
16	610.858
16	615.85
16	624.48
16	626.57
16	626.88
16	632.917
16	634.538
16	634.837
16	635.84
17	1.493
17	1.728
17	2.026
17	2.474
17	3.189
17	3.754
17	4.191
17	4.874
17	6.186
17	6.431
17	7.189
17	9.226
17	9.834
17	10.069
17	12.234
17	17.61
17	19.413
17	22.41
17	23.21
17	25.471
17	28.255
17	31.893
17	34.336
17	35.37
17	35.616
17	35.829
17	36.874
17	38.826
17	40.373
17	40.81
17	42.89
17	43.69
17	45.226
17	46.272
17	46.474
17	48.256
17	51.232
17	57.546
17	59.914
17	60.106
17	61.109
17	63.946
17	64.512
17	65.77
17	67.914
17	68.149
17	68.352
17	69.152
17	69.333
17	72.768
17	74.634
17	75.829
17	76.032
17	76.256
17	82.869
17	85.066
17	85.269
17	91.328
17	93.247
17	94.41
17	99.786
17	100.49
17	104.394
17	110.069
17	114.709
17	118.57
17	121.056
17	121.568
17	126.634
17	128.33
17	128.533
17	131.413
17	132.373
17	134.293
17	135.594
17	136.49
17	138.09
17	139.466
17	142.09
17	143.648
17	145.354
17	149.386
17	150.506
17	151.21
17	153.813
17	157.567
17	158.09
17	159.168
17	160.01
17	161.269
17	162.368
17	165.536
17	168.49
17	174.666
17	175.413
17	175.626
17	175.829
17	178.794
17	180.33
17	180.533
17	182.688
17	185.408
17	186.709
17	186.912
17	187.829
17	189.45
17	192.672
17	199.008
17	200.33
17	201.834
17	202.976
17	205.248
17	205.429
17	206.474
17	208.949
17	210.976
17	211.189
17	211.434
17	213.429
17	213.674
17	214.869
17	215.114
17	216.608
17	216.789
17	219.626
17	221.994
17	223.466
17	223.648
17	223.893
17	224.533
17	226.25
17	226.751
17	229.216
17	229.888
17	230.528
17	231.306
17	232.053
17	233.194
17	233.408
17	234.954
17	236.949
17	240.309
17	243.786
17	247.626
17	251.808
17	253.866
17	255.167
17	256.575
17	257.109
17	263.989
17	267.786
17	272.33
17	275.466
17	280.266
17	280.512
17	280.746
17	281.813
17	282.016
17	283.392
17	286.634
17	292.512
17	295.989
17	299.872
17	302.826
17	310.346
17	311.616
17	311.808
17	312.053
17	313.696
17	314.826
17	315.029
17	320.832
17	321.706
17	329.13
17	330.314
17	334.688
17	338.314
17	341.472
17	341.674
17	348.97
17	350.336
17	352.234
17	355.306
17	356.671
17	358.794
17	360.032
17	363.914
17	366.41
17	367.914
17	368.394
17	369.269
17	370.826
17	373.13
17	374.41
17	376.426
17	379.168
17	381.408
17	383.114
17	383.573
17	385.834
17	388.416
17	392.106
17	395.392
17	396.33
17	397.493
17	398.986
17	399.914
17	411.413
17	414.826
17	425.728
17	430.293
17	431.189
17	431.509
17	432.192
17	434.336
17	438.026
17	438.474
17	443.146
17	445.248
17	452.352
17	456.33
17	457.472
17	457.695
17	459.647
17	464.032
17	470.794
17	473.813
17	480.992
17	481.994
17	483.253
17	483.488
17	483.733
17	484.448
17	486.112
17	491.093
17	497.77
17	498.41
17	499.712
17	506.688
17	520.81
17	524.586
17	529.226
17	530.826
17	531.466
17	534.528
17	541.312
17	543.306
17	545.706
17	546.272
17	551.733
17	553.173
17	554.869
17	555.936
17	556.608
17	557.109
17	558.293
17	559.232
17	560.736
17	562.048
17	564.49
17	564.992
17	566.549
17	567.786
17	569.151
17	572.149
17	573.546
17	576.149
17	581.706
17	586.976
17	591.829
17	599.53
17	602.549
17	603.786
17	604.853
17	606.25
17	607.253
17	608.053
17	609.749
17	610.688
17	612.394
17	616.714
17	620.031
17	624.106
17	626.208
17	626.474
17	628.853
17	636.832
19	0.736
19	1.813
19	2.314
19	5.61
19	7.712
19	33.557
19	33.877
19	34.176
19	70.89
19	71.456
19	74.25
19	79.114
19	84.437
19	85.29
19	85.77
19	87.039
19	89.119
19	89.813
19	91.573
19	92.853
19	93.333
19	95.936
19	97.237
19	104.277
19	116.213
19	131.573
19	136.17
19	136.458
19	137.077
19	137.674
19	144.298
19	156.64
19	181.098
19	197.653
19	202.336
19	205.994
19	211.914
19	217.013
19	222.73
19	223.04
19	224.832
19	225.834
19	229.194
19	238.517
19	249.653
19	255.232
19	256.117
19	279.594
19	286.997
19	287.797
19	297.717
19	298.111
19	320.234
19	327.797
19	352.64
19	368.437
19	382.88
19	404.49
19	408.16
19	419.733
19	422.176
19	426.154
19	430.613
19	434.133
19	448.65
19	451.658
19	455.957
19	461.354
19	464.693
19	468.277
19	468.736
19	469.29
19	473.173
19	476.117
19	480.874
19	508.213
19	516.714
19	525.6
19	531.658
19	533.93
19	534.72
19	535.136
19	547.68
19	549.152
19	553.312
19	556.714
19	558.037
19	575.295
19	582.4
19	583.093
19	597.28
19	599.53
19	601.151
19	611.637
19	615.658
19	616.533
19	623.957
19	624.352
19	624.896
19	629.514
19	630.954
19	635.552
19	636.554
19	637.216
20	4.693
20	6.239
20	13.674
20	19.978
20	20.938
20	22.336
20	23.392
20	24.298
20	24.97
20	35.05
20	36.373
20	38.815
20	39.893
20	40.533
20	41.77
20	43.53
20	46.538
20	47.68
20	51.818
20	58.538
20	59.253
20	62.293
20	65.493
20	66.613
20	67.232
20	68.458
20	68.938
20	69.557
20	69.813
20	70.837
20	72
20	72.917
20	81.45
20	87.018
20	92.938
20	97.792
20	101.397
20	108.512
20	109.514
20	110.293
20	113.813
20	114.378
20	115.093
20	116.213
20	118.378
20	119.36
20	120.351
20	122.73
20	123.477
20	125.45
20	125.973
20	126.517
20	127.093
20	127.733
20	129.536
20	130.272
20	131.594
20	132.512
20	139.552
20	140.01
20	143.872
20	144.33
20	145.536
20	154.357
20	154.954
20	157.055
20	159.754
20	163.872
20	167.872
20	176.373
20	188.138
20	190.24
20	195.05
20	198.41
20	200.32
20	203.978
20	205.61
20	206.837
20	207.872
20	209.28
20	222.079
20	225.173
20	228.298
20	240.8
20	247.594
20	253.93
20	254.88
20	255.637
20	297.472
20	300.64
20	302.378
20	312.394
20	314.197
20	315.52
20	318.09
20	325.792
20	326.613
20	328.874
20	329.29
20	330.25
20	332.853
20	336.458
20	350.133
20	352.33
20	355.05
20	368.298
20	381.312
20	385.674
20	392.736
20	394.698
20	418.773
20	421.472
20	422.218
20	458.218
20	459.818
20	464.096
20	466.037
20	467.776
20	472.597
20	481.397
20	483.178
20	485.994
20	488.373
20	494.954
20	499.957
20	508.97
20	511.232
20	517.397
20	521.834
20	522.25
20	524.512
20	526.037
20	528.256
20	531.232
20	534.73
20	538.058
20	540.97
20	544.01
20	550.41
20	552.213
20	559.232
20	565.898
20	567.733
20	571.199
20	572.693
20	574.997
20	577.952
20	589.77
20	594.634
20	598.079
20	600.64
20	602.773
20	604.394
20	606.517
20	611.637
20	613.173
20	615.456
20	616.81
20	617.76
20	624.117
20	627.914
20	628.736
20	632.97
20	635.21
20	636.074
20	637.397
21	3.37
21	3.477
21	3.573
21	4.053
21	4.437
21	4.832
21	5.578
21	6.613
21	7.199
21	9.674
21	11.338
21	13.813
21	15.84
21	17.631
21	20.394
21	21.077
21	24.479
21	29.759
21	31.957
21	34.037
21	35.498
21	36.458
21	38.175
21	40.97
21	44.394
21	47.157
21	53.952
21	55.573
21	57.557
21	58.837
21	59.616
21	62.336
21	62.815
21	63.637
21	66.133
21	66.976
21	68.053
21	69.12
21	72
21	73.098
21	73.759
21	76.352
21	79.05
21	80.298
21	82.25
21	83.456
21	84.853
21	89.056
21	90.976
21	93.312
21	97.514
21	100.97
21	104.917
21	106.432
21	107.616
21	108.991
21	110.432
21	111.978
21	114.752
21	117.493
21	120.554
21	124.192
21	125.952
21	127.295
21	129.056
21	130.41
21	132.117
21	133.973
21	138.837
21	141.098
21	143.413
21	144.896
21	146.89
21	152.533
21	155.573
21	157.194
21	159.498
21	162.09
21	165.216
21	168.192
21	176.17
21	179.712
21	181.578
21	182.698
21	184.458
21	185.61
21	186.57
21	187.2
21	187.936
21	188.416
21	189.674
21	191.477
21	194.933
21	196.096
21	201.557
21	204.298
21	205.557
21	209.354
21	212.512
21	217.312
21	220.138
21	222.079
21	222.613
21	223.52
21	224.672
21	225.258
21	226.453
21	228.01
21	229.792
21	232.618
21	233.696
21	234.677
21	235.914
21	237.973
21	239.53
21	240.17
21	241.61
21	247.114
21	248.65
21	251.477
21	253.76
21	256.416
21	257.696
21	267.274
21	270.976
21	275.434
21	276.917
21	278.432
21	279.551
21	280.554
21	281.856
21	287.551
21	290.89
21	292.416
21	295.05
21	296.853
21	300.693
21	305.333
21	308.032
21	314.677
21	317.76
21	319.637
21	325.258
21	327.114
21	330.773
21	333.61
21	341.397
21	342.538
21	345.376
21	347.573
21	349.973
21	354.634
21	356.917
21	358.88
21	360.458
21	362.773
21	366.88
21	371.552
21	373.397
21	376.8
21	381.29
21	384.33
21	386.57
21	390.773
21	395.85
21	397.12
21	400.373
21	406.496
21	412.277
21	415.21
21	416.234
21	421.472
21	422.41
21	426.719
21	428.479
21	430.613
21	432.97
21	437.28
21	441.632
21	447.157
21	452.416
21	455.232
21	459.797
21	463.797
21	465.792
21	468.554
21	472.81
21	476.554
21	479.776
21	482.25
21	485.056
21	488.298
21	489.973
21	492.8
21	496.533
21	497.898
21	508.576
21	510.453
21	513.376
21	517.77
21	521.631
21	523.135
21	525.418
21	529.92
21	533.61
21	536.298
21	540.757
21	542.976
21	544.512
21	547.712
21	549.397
21	551.914
21	561.77
21	563.456
21	565.013
21	566.517
21	568.33
21	570.378
21	578.677
21	582.538
21	584.053
21	586.154
21	587.957
21	589.696
21	594.976
21	596.597
21	599.413
21	602.816
21	604.117
21	606.336
21	611.232
21	612.437
21	615.434
21	618.197
21	626.496
21	627.818
21	629.493
21	632.352
21	632.959
21	633.45
21	633.834
21	634.175
21	635.434
21	635.754
21	636.192
21	637.055
